1.01E+08
101047942
101060705
102541
1056183
1065895
1066356
110644846
111948
143818
171892
200170
212829
232926
234187
240515
245738
249946
253674
258442
261479
265298
269050
269522
279448
297192
304535
3266608
33097627
33097718
411892
4286233
43893
496521
5.55E+08
60008166
60010840
60053303
60067261
60122454
60160322
60162583
60192754
60313756
60347085
60364791
60368347
60403227
62002295
62002428
62003953
62004797
62005566
62006101
62009147
62009337
62010756
70111778
70122148
70128152
70132105
70132303
70141353
70157391
70229125
70276654
70351580
70366794
70368691
70373030
70412291
70416193
70417829
70435110
70459789
70469903
70483912
70484449
70485008
70505920
70508445
70575618
70593959
70661343
70716717
70748405
70757505
70830054
71032965
71361943
71400519
71411219
71437230
71476915
71484273
71489934
718528
74213448
74490244
75461160
75893412
76098599
76101526
95380
963294
964402
965514
98251
99770
AN80686571086
BBG000CKHN84
BBG00L780258
CH027142833
de 0005785604
DE0007162000
DE000AOHN5C6
DE00A0HN5C6
FIGIBBG000BGRY34
GB00B5ZN188
GL000AOF6407
IE00B3YCGJ37
IL00002730112
IT000312867
MONEY ILS
SE00007897079
US00724F101
US01609W102
US02079K3058
US0258MOEG02
US16119P1048
US1728MAA10
US20030N101
US247126AJ47
US256746108
US2944UAM80
US30303M1026
US3055601046
US3162Q1040
US38259P5089
US478161046
US57636Q1039
US666807102
US742181091
US742718109
US78464A8706
US796050882
US801351017
US9074311AA54
USA7233JAG31
USS9022CAA18
USUOR8A1AB34
VS09065V2034
XS0989394588
XS1506401567